,Mouse,Period,CellType,Unnamed: 0,Unnamed: 0.1,high_Gamma,low_Gamma
0,761,Acute,CHI,42.0,42.0,-1.305431891429234,-0.07756376903906931
1,761,Acute,MSN,40.5,40.5,-0.41308993382595083,0.46307985648611066
2,761,Acute,mvmt,946.7142857142857,,-0.07633882296396442,0.7566076054532239
3,761,Chronic,CHI,36.0,36.0,-0.6239190191614026,0.3265795948699704
4,761,Chronic,MSN,36.0,36.0,-0.23297854078375493,0.41228883643747405
5,761,Chronic,mvmt,946.0,,-0.4028956749531431,0.4965224827238884
6,761,Healthy,CHI,6.0,6.0,0.0,0.4147587450235444
7,761,Healthy,MSN,9.0,9.0,0.0,0.44117585219003397
8,761,Healthy,mvmt,927.0,,0.0,0.5823634134373677
9,1208,Acute,CHI,103.5,103.5,-0.12825825613851652,0.13583141582741326
10,1208,Acute,MSN,108.0,108.0,-0.39187999076489893,0.02415083571893557
11,1208,Acute,mvmt,988.8,,0.6043289546550326,0.1422492770008743
12,1208,Chronic,CHI,99.0,99.0,-1.219692203191421,-0.09968509475701144
13,1208,Chronic,MSN,96.6,96.6,0.5533840022067354,0.02505422051212768
14,1208,Chronic,mvmt,982.2,,0.502390805433789,0.2894395239859592
15,1208,Healthy,CHI,69.0,69.0,0.0,-0.0446680139813236
16,1208,Healthy,MSN,69.0,69.0,0.0,0.037087499061863406
17,1208,Healthy,mvmt,966.0,,0.0,0.1774198501228437
18,1222,Acute,MSN,164.0,164.0,-0.9659980563564434,0.060596001014006105
19,1222,Acute,mvmt,1026.0,,0.7700374751549632,0.3498500970205914
20,1222,Chronic,CHI,150.0,150.0,-0.8427439144934906,0.27315641702542764
21,1222,Chronic,MSN,158.4,158.4,-0.9469403616640953,0.06585436998216018
22,1222,Chronic,mvmt,1023.0,,0.2033483000170027,0.257171426001915
23,1222,Healthy,CHI,135.0,135.0,0.0,0.2866242961981794
24,1222,Healthy,MSN,135.0,135.0,0.0,0.19548091302793205
25,1222,Healthy,mvmt,1005.0,,0.0,0.4549973334544823
26,1231,Healthy,CHI,186.0,186.0,0.0,0.15857308707542994
27,1231,Healthy,MSN,189.0,189.0,0.0,0.013358453905574809
28,1231,Healthy,mvmt,1044.0,,0.0,0.12587881820247293
29,1236,Acute,MSN,241.0,241.0,-0.16505727302798404,0.4516403976995888
30,1236,Acute,PV,243.0,243.0,0.6997723930486036,-0.10348138450815543
31,1236,Acute,mvmt,1075.5,,0.21098530833684792,1.3171528531746228
32,1236,Chronic,MSN,236.4,236.4,-0.23598463202031547,0.31401814734383404
33,1236,Chronic,PV,234.0,234.0,0.5451069232847564,0.33513242836122764
34,1236,Chronic,mvmt,1072.2,,-0.22009265709273015,0.8809549951589606
35,1236,Healthy,MSN,205.0,205.0,0.0,0.4946570352347565
36,1236,Healthy,PV,202.5,202.5,0.0,0.33059341539736437
37,1236,Healthy,mvmt,1053.0,,0.0,0.8765757674812279
38,1253,Healthy,CHI,270.0,270.0,0.0,-0.047842409798942456
39,1253,Healthy,MSN,272.0,272.0,0.0,-0.03448670425259902
40,1253,Healthy,mvmt,1095.0,,0.0,0.011441605504462818
41,1793,Acute,CHI,315.75,315.75,9.555801138000499,0.030290237700918377
42,1793,Acute,MSN,322.0,322.0,0.723659591648594,0.10742265635335142
43,1793,Acute,mvmt,1126.5,,0.5103332537001287,0.5013598457447981
44,1793,Chronic,CHI,309.0,309.0,13.923691153258714,0.25932810647354876
45,1793,Chronic,MSN,318.6,318.6,0.8972075409578166,0.08336475385897082
46,1793,Chronic,mvmt,1123.2,,0.21894750411974304,0.28954482487188915
47,1793,Healthy,CHI,285.0,285.0,0.0,-0.10706992385383571
48,1793,Healthy,MSN,285.0,285.0,0.0,0.11564047361056047
49,1793,Healthy,mvmt,1104.0,,0.0,0.23094990871846663
50,2976,Acute,MSN,367.8,367.8,-0.2977420827954117,0.040940403697636754
51,2976,Acute,mvmt,1165.8,,1.992509865420442,0.3056030290006058
52,2976,Chronic,MSN,367.2,367.2,-0.5007915090132626,0.061687427810182084
53,2976,Chronic,mvmt,1165.2,,0.6357479662279453,0.32089666940528894
54,2976,Healthy,MSN,348.0,348.0,0.0,0.008286594826846563
55,2976,Healthy,mvmt,1146.0,,0.0,0.14289219685284002
56,2980,Acute,MSN,409.5,409.5,17.39298815660997,0.20280449401972245
57,2980,Acute,mvmt,1207.5,,1.0912292986695418,0.29688159760398247
58,2980,Chronic,MSN,406.2,406.2,24.490462576697425,0.23060399078120017
59,2980,Chronic,mvmt,1204.2,,1.9818953204818999,0.3351607788836371
60,2980,Healthy,MSN,387.0,387.0,0.0,0.14206773728824396
61,2980,Healthy,mvmt,1185.0,,0.0,0.22487557631888042
62,2981,Acute,MSN,451.5,451.5,-0.5121382251464431,0.10081692914598377
63,2981,Acute,mvmt,1249.5,,0.16213118579319596,0.23601731827837266
64,2981,Chronic,MSN,448.2,448.2,0.8425875839419192,0.3395535227828551
65,2981,Chronic,mvmt,1246.2,,0.29429844191713206,0.31420012293914024
66,2981,Healthy,MSN,429.0,429.0,0.0,0.11272867338535464
67,2981,Healthy,mvmt,1227.0,,0.0,0.1376405238839311
68,4539,Acute,MSN,528.0,528.0,-0.360258404833663,-0.0004904161457624396
69,4539,Acute,PV,519.8571428571429,519.8571428571429,-0.3210036690901785,0.04524103167136852
70,4539,Acute,mvmt,1299.0,,2.0396661309181456,0.2524476843268442
71,4539,Chronic,MSN,520.5,520.5,1.0286132016322649,0.17496380988447655
72,4539,Chronic,PV,518.0,518.0,1.5526546302797033,0.26509134953795127
73,4539,Chronic,mvmt,1293.0,,-0.9072101046584441,-0.09683431730349376
74,4539,Healthy,MSN,477.0,477.0,0.0,0.1389681747782345
75,4539,Healthy,PV,474.0,474.0,0.0,-0.12223789317807428
76,4539,Healthy,mvmt,1269.0,,0.0,0.20257122022674853
77,7584,Acute,MSN,614.75,614.75,0.6716132957006733,0.05324549792404468
78,7584,Acute,PV,614.4,614.4,0.32616869385188163,-0.047242511573809466
79,7584,Acute,mvmt,1352.0,,1.3941694886557863,0.291075271112219
80,7584,Chronic,MSN,609.0,609.0,3.616854923384093,0.1454381068303239
81,7584,Chronic,PV,606.0,606.0,4.801523638819547,0.14685713654134716
82,7584,Chronic,mvmt,1348.5,,4.358926140982291,0.45745499968289566
83,7584,Healthy,MSN,570.0,570.0,0.0,0.013694197888499904
84,7584,Healthy,PV,564.0,564.0,0.0,-0.16087195694884635
85,7584,Healthy,mvmt,1326.0,,0.0,0.16303531367016447
86,7909,Acute,MSN,702.5,702.5,0.4165315054391642,0.15280791637961952
87,7909,Acute,PV,703.8,703.8,-0.3696428018399219,0.13704613246601646
88,7909,Acute,mvmt,1404.3,,0.14875388093107936,0.31312278626181567
89,7909,Chronic,MSN,694.5,694.5,-1.0778203714921069,-0.03662966159356928
90,7909,Chronic,PV,684.0,684.0,0.13047086383897608,0.2116055764996424
91,7909,Chronic,mvmt,1398.0,,0.25387540249884677,0.5040830520915787
92,7909,Healthy,MSN,662.0,662.0,0.0,0.2592212362348507
93,7909,Healthy,PV,657.0,657.0,0.0,0.9500318157818763
94,7909,Healthy,mvmt,1377.0,,0.0,0.8551769801009771
95,8430,Acute,MSN,771.0,771.0,2.2155671778133708,0.027926349602746193
96,8430,Acute,PV,776.0,776.0,1.8820099601612215,0.8811789265582921
97,8430,Acute,mvmt,1444.0,,2.117041120457204,0.7459783534695997
98,8430,Chronic,MSN,765.0,765.0,0.16467905482138848,0.010595112999899365
99,8430,Chronic,PV,766.0,766.0,-1.1732848728501994,-0.27487403427396456
100,8430,Chronic,mvmt,1441.0,,-1.3725787385332517,-0.002211149853951757
101,8430,Healthy,MSN,740.0,740.0,0.0,0.03498637232224577
102,8430,Healthy,PV,738.0,738.0,0.0,0.303899109355491
103,8430,Healthy,mvmt,1426.5,,0.0,0.5173113844571084
104,8803,Acute,MSN,835.7142857142857,835.7142857142857,-2.2229209707414843,0.07011519063557319
105,8803,Acute,PV,842.25,842.25,-0.024221606385776757,-0.047485470284679324
106,8803,Acute,mvmt,1483.5,,3.579812984362344,0.2518842949845989
107,8803,Chronic,MSN,826.5,826.5,-4.889969678939889,0.14266073571896143
108,8803,Chronic,PV,826.5,826.5,18.926577520666996,0.12428922171969874
109,8803,Chronic,mvmt,1476.0,,3.2057067789444225,0.2619646565553542
110,8803,Healthy,MSN,803.0,803.0,0.0,0.5422685623586642
111,8803,Healthy,PV,798.0,798.0,0.0,0.34454182494556623
112,8803,Healthy,mvmt,1461.0,,0.0,0.5464189731141347
113,8815,Acute,CHI,894.0,894.0,0.7105388463466396,0.1159189205129959
114,8815,Acute,MSN,902.5,902.5,0.2996103603250122,0.17783781762516568
115,8815,Acute,mvmt,1522.5,,0.4031326996411856,0.33622459956999545
116,8815,Chronic,CHI,894.0,894.0,-2.0485523831991084,-0.06769167700443597
117,8815,Chronic,MSN,898.2,898.2,0.22039896207728302,0.20231513969031586
118,8815,Chronic,mvmt,1519.2,,-0.11869296182521874,0.3589955135501719
119,8815,Healthy,CHI,865.5,865.5,0.0,0.5071480610796437
120,8815,Healthy,MSN,868.0,868.0,0.0,0.2111568071432471
121,8815,Healthy,mvmt,1500.0,,0.0,0.3708976795477257
